0 1.0
0.033 0.0
0.066 0.5
0.099 0.33333334
0.132 0.25
0.16499999 0.4
0.19799998 0.33333334
0.23099998 0.2857143
0.26399997 0.375
0.29699996 0.33333334
0.32999995 0.3
0.36299995 0.27272728
0.39599994 0.25
0.42899993 0.30769232
0.46199992 0.2857143
0.49499992 0.26666668
0.52799994 0.25
0.56099993 0.29411766
0.5939999 0.33333334
0.6269999 0.36842105
0.6599999 0.35
0.6929999 0.33333334
0.7259999 0.3181818
0.7589999 0.3043478
0.7919999 0.29166666
0.82499987 0.32
0.85799986 0.34615386
0.89099985 0.37037036
0.92399985 0.39285713
0.95699984 0.37931034
0.98999983 0.36666667
1.02 0.36666667