0 1.0
0.033 0.0
0.066 0.5
0.099 0.6666667
0.132 0.75
0.16499999 0.8
0.19799998 0.8333333
0.23099998 0.85714287
0.26399997 0.875
0.29699996 0.7777778
0.32999995 0.8
0.36299995 0.72727275
0.39599994 0.6666667
0.42899993 0.6923077
0.46199992 0.64285713
0.49499992 0.6
0.52799994 0.5625
0.56099993 0.5882353
0.5939999 0.6111111
0.6269999 0.6315789
0.6599999 0.6
0.6929999 0.5714286
0.7259999 0.54545456
0.7589999 0.5217391
0.7919999 0.5
0.82499987 0.48
0.85799986 0.5
0.89099985 0.5185185
0.92399985 0.53571427
0.95699984 0.55172414
0.98999983 0.56666666
1.02 0.56666666