0.0 1.0
0.033 1.0
0.066 1.0
0.099 1.0
0.132 1.0
0.16499999 1.0
0.19799998 1.0
0.23099998 0.85714287
0.26399997 0.875
0.29699996 0.8888889
0.32999995 0.8
0.36299995 0.8181818
0.39599994 0.8333333
0.42899993 0.7692308
0.46199992 0.71428573
0.49499992 0.73333335
0.52799994 0.6875
0.56099993 0.7058824
0.5939999 0.7222222
0.6269999 0.7368421
0.6599999 0.75
0.6929999 0.7619048
0.7259999 0.77272725
0.7589999 0.73913044
0.7919999 0.7083333
0.82499987 0.68
0.85799986 0.65384614
0.89099985 0.6666667
0.92399985 0.6785714
0.95699984 0.6896552
0.98999983 0.7
1.0229999 0.67741936