0 1.0
0.033 0.0
0.066 0.5
0.099 0.33333334
0.132 0.5
0.16499999 0.6
0.19799998 0.6666667
0.23099998 0.71428573
0.26399997 0.625
0.29699996 0.6666667
0.32999995 0.6
0.36299995 0.54545456
0.39599994 0.5
0.42899993 0.46153846
0.46199992 0.42857143
0.49499992 0.4
0.52799994 0.375
0.56099993 0.4117647
0.5939999 0.3888889
0.6269999 0.36842105
0.6599999 0.4
0.6929999 0.42857143
0.7259999 0.45454547
0.7589999 0.47826087
0.7919999 0.5
0.82499987 0.48
0.85799986 0.46153846
0.89099985 0.44444445
0.92399985 0.4642857
0.95699984 0.4827586
0.98999983 0.46666667
1.02 0.46666667