0 1.0
0.033 1.0
0.066 0.5
0.099 0.6666667
0.132 0.75
0.16499999 0.6
0.19799998 0.6666667
0.23099998 0.5714286
0.26399997 0.625
0.29699996 0.6666667
0.32999995 0.7
0.36299995 0.6363636
0.39599994 0.5833333
0.42899993 0.53846157
0.46199992 0.5
0.49499992 0.46666667
0.52799994 0.4375
0.56099993 0.4117647
0.5939999 0.3888889
0.6269999 0.36842105
0.6599999 0.35
0.6929999 0.3809524
0.7259999 0.4090909
0.7589999 0.39130434
0.7919999 0.41666666
0.82499987 0.44
0.85799986 0.46153846
0.89099985 0.44444445
0.92399985 0.4642857
0.95699984 0.44827586
0.98999983 0.46666667
1.02 0.46666667