0 1.0
0.033 0.0
0.066 0.5
0.099 0.33333334
0.132 0.25
0.16499999 0.2
0.19799998 0.33333334
0.23099998 0.42857143
0.26399997 0.375
0.29699996 0.33333334
0.32999995 0.3
0.36299995 0.36363637
0.39599994 0.33333334
0.42899993 0.3846154
0.46199992 0.35714287
0.49499992 0.33333334
0.52799994 0.375
0.56099993 0.3529412
0.5939999 0.33333334
0.6269999 0.31578946
0.6599999 0.35
0.6929999 0.3809524
0.7259999 0.4090909
0.7589999 0.39130434
0.7919999 0.375
0.82499987 0.36
0.85799986 0.3846154
0.89099985 0.37037036
0.92399985 0.39285713
0.95699984 0.37931034
0.98999983 0.4
1.02 0.4