0 1.0
0.033 1.0
0.066 0.5
0.099 0.6666667
0.132 0.75
0.16499999 0.8
0.19799998 0.8333333
0.23099998 0.85714287
0.26399997 0.875
0.29699996 0.7777778
0.32999995 0.7
0.36299995 0.6363636
0.39599994 0.5833333
0.42899993 0.61538464
0.46199992 0.5714286
0.49499992 0.6
0.52799994 0.5625
0.56099993 0.5294118
0.5939999 0.5555556
0.6269999 0.5263158
0.6599999 0.55
0.6929999 0.52380955
0.7259999 0.54545456
0.7589999 0.5217391
0.7919999 0.5
0.82499987 0.48
0.85799986 0.46153846
0.89099985 0.44444445
0.92399985 0.4642857
0.95699984 0.44827586
0.98999983 0.43333334
1.02 0.43333334