0 1.0
0.033 1.0
0.066 1.0
0.099 1.0
0.132 1.0
0.16499999 1.0
0.19799998 0.8333333
0.23099998 0.71428573
0.26399997 0.75
0.29699996 0.6666667
0.32999995 0.6
0.36299995 0.54545456
0.39599994 0.5
0.42899993 0.53846157
0.46199992 0.5
0.49499992 0.53333336
0.52799994 0.5
0.56099993 0.5294118
0.5939999 0.5
0.6269999 0.47368422
0.6599999 0.45
0.6929999 0.42857143
0.7259999 0.45454547
0.7589999 0.4347826
0.7919999 0.45833334
0.82499987 0.44
0.85799986 0.42307693
0.89099985 0.4074074
0.92399985 0.39285713
0.95699984 0.37931034
0.98999983 0.4
1.02 0.4