0 1.0
0.033 1.0
0.066 1.0
0.099 0.6666667
0.132 0.5
0.16499999 0.4
0.19799998 0.5
0.23099998 0.5714286
0.26399997 0.5
0.29699996 0.44444445
0.32999995 0.4
0.36299995 0.45454547
0.39599994 0.5
0.42899993 0.46153846
0.46199992 0.5
0.49499992 0.46666667
0.52799994 0.4375
0.56099993 0.47058824
0.5939999 0.5
0.6269999 0.47368422
0.6599999 0.5
0.6929999 0.52380955
0.7259999 0.54545456
0.7589999 0.5217391
0.7919999 0.5416667
0.82499987 0.52
0.85799986 0.53846157
0.89099985 0.5185185
0.92399985 0.53571427
0.95699984 0.51724136
0.98999983 0.5
1.02 0.5