0.0 1.0
0.033 1.0
0.066 1.0
0.099 1.0
0.132 1.0
0.16499999 1.0
0.19799998 1.0
0.23099998 1.0
0.26399997 1.0
0.29699996 1.0
0.32999995 0.9
0.36299995 0.90909094
0.39599994 0.9166667
0.42899993 0.9230769
0.46199992 0.9285714
0.49499992 0.93333334
0.52799994 0.9375
0.56099993 0.9411765
0.5939999 0.8888889
0.6269999 0.84210527
0.6599999 0.8
0.6929999 0.7619048
0.7259999 0.77272725
0.7589999 0.7826087
0.7919999 0.7916667
0.82499987 0.76
0.85799986 0.7307692
0.89099985 0.7407407
0.92399985 0.75
0.95699984 0.7241379
0.98999983 0.7
1.0229999 0.67741936