0.0 1.0
0.033 1.0
0.066 1.0
0.099 1.0
0.132 1.0
0.16499999 1.0
0.19799998 0.8333333
0.23099998 0.85714287
0.26399997 0.875
0.29699996 0.7777778
0.32999995 0.8
0.36299995 0.8181818
0.39599994 0.8333333
0.42899993 0.84615386
0.46199992 0.85714287
0.49499992 0.8666667
0.52799994 0.875
0.56099993 0.88235295
0.5939999 0.8888889
0.6269999 0.8947368
0.6599999 0.9
0.6929999 0.9047619
0.7259999 0.8636364
0.7589999 0.8695652
0.7919999 0.8333333
0.82499987 0.84
0.85799986 0.84615386
0.89099985 0.8518519
0.92399985 0.85714287
0.95699984 0.86206895
0.98999983 0.8666667
1.0229999 0.87096775