0 1.0
0.033 1.0
0.066 1.0
0.099 1.0
0.132 1.0
0.16499999 1.0
0.19799998 1.0
0.23099998 1.0
0.26399997 1.0
0.29699996 1.0
0.32999995 1.0
0.36299995 1.0
0.39599994 1.0
0.42899993 0.9230769
0.46199992 0.9285714
0.49499992 0.8666667
0.52799994 0.8125
0.56099993 0.8235294
0.5939999 0.8333333
0.6269999 0.84210527
0.6599999 0.85
0.6929999 0.85714287
0.7259999 0.8636364
0.7589999 0.8695652
0.7919999 0.875
0.82499987 0.88
0.85799986 0.88461536
0.89099985 0.8518519
0.92399985 0.85714287
0.95699984 0.86206895
0.98999983 0.8666667
1.02 0.8666667