0 1.0
0.033 1.0
0.066 1.0
0.099 1.0
0.132 0.75
0.16499999 0.6
0.19799998 0.6666667
0.23099998 0.71428573
0.26399997 0.75
0.29699996 0.7777778
0.32999995 0.7
0.36299995 0.72727275
0.39599994 0.6666667
0.42899993 0.61538464
0.46199992 0.64285713
0.49499992 0.6666667
0.52799994 0.6875
0.56099993 0.7058824
0.5939999 0.7222222
0.6269999 0.7368421
0.6599999 0.75
0.6929999 0.71428573
0.7259999 0.72727275
0.7589999 0.6956522
0.7919999 0.7083333
0.82499987 0.72
0.85799986 0.7307692
0.89099985 0.7037037
0.92399985 0.6785714
0.95699984 0.6896552
0.98999983 0.7
1.02 0.7