0 1.0
0.033 0.0
0.066 0.0
0.099 0.0
0.132 0.0
0.16499999 0.2
0.19799998 0.16666667
0.23099998 0.14285715
0.26399997 0.125
0.29699996 0.11111111
0.32999995 0.2
0.36299995 0.27272728
0.39599994 0.25
0.42899993 0.30769232
0.46199992 0.35714287
0.49499992 0.4
0.52799994 0.375
0.56099993 0.3529412
0.5939999 0.33333334
0.6269999 0.36842105
0.6599999 0.4
0.6929999 0.3809524
0.7259999 0.36363637
0.7589999 0.3478261
0.7919999 0.33333334
0.82499987 0.32
0.85799986 0.34615386
0.89099985 0.33333334
0.92399985 0.32142857
0.95699984 0.31034482
0.98999983 0.33333334
1.02 0.33333334